diary on
% Q1. Create a 10x10 random matrix and do the following:
A = rand(10)

A =

    0.8147    0.1576    0.6557    0.7060    0.4387    0.2760    0.7513    0.8407    0.3517    0.0759
    0.9058    0.9706    0.0357    0.0318    0.3816    0.6797    0.2551    0.2543    0.8308    0.0540
    0.1270    0.9572    0.8491    0.2769    0.7655    0.6551    0.5060    0.8143    0.5853    0.5308
    0.9134    0.4854    0.9340    0.0462    0.7952    0.1626    0.6991    0.2435    0.5497    0.7792
    0.6324    0.8003    0.6787    0.0971    0.1869    0.1190    0.8909    0.9293    0.9172    0.9340
    0.0975    0.1419    0.7577    0.8235    0.4898    0.4984    0.9593    0.3500    0.2858    0.1299
    0.2785    0.4218    0.7431    0.6948    0.4456    0.9597    0.5472    0.1966    0.7572    0.5688
    0.5469    0.9157    0.3922    0.3171    0.6463    0.3404    0.1386    0.2511    0.7537    0.4694
    0.9575    0.7922    0.6555    0.9502    0.7094    0.5853    0.1493    0.6160    0.3804    0.0119
    0.9649    0.9595    0.1712    0.0344    0.7547    0.2238    0.2575    0.4733    0.5678    0.3371

% i. Multiply all the elements by 100 and then round off all elements of the matrix to integers.
A = round(A * 100)

A =

    81    16    66    71    44    28    75    84    35     8
    91    97     4     3    38    68    26    25    83     5
    13    96    85    28    77    66    51    81    59    53
    91    49    93     5    80    16    70    24    55    78
    63    80    68    10    19    12    89    93    92    93
    10    14    76    82    49    50    96    35    29    13
    28    42    74    69    45    96    55    20    76    57
    55    92    39    32    65    34    14    25    75    47
    96    79    66    95    71    59    15    62    38     1
    96    96    17     3    75    22    26    47    57    34

% ii. Replace all the elements of the matrix less than 10 to zeros.
A(A < 10) = 0

A =

    81    16    66    71    44    28    75    84    35     0
    91    97     0     0    38    68    26    25    83     0
    13    96    85    28    77    66    51    81    59    53
    91    49    93     0    80    16    70    24    55    78
    63    80    68    10    19    12    89    93    92    93
    10    14    76    82    49    50    96    35    29    13
    28    42    74    69    45    96    55    20    76    57
    55    92    39    32    65    34    14    25    75    47
    96    79    66    95    71    59    15    62    38     0
    96    96    17     0    75    22    26    47    57    34

% iii. Extract all the elements of the matrix that are between 30 to 50 and put them in a vector
B = A(A >= 30 & A <= 50)

B =

    49
    42
    39
    32
    44
    38
    49
    45
    50
    34
    35
    47
    35
    38
    47
    34

% Q2. Create a matrices A of size 12  10 & display it in command window.
A = rand(12, 10)

A =

    0.1622    0.2290    0.8173    0.8693    0.1839    0.7803    0.8212    0.6868    0.5085    0.6225
    0.7943    0.9133    0.8687    0.5797    0.2400    0.3897    0.0154    0.1835    0.5108    0.5870
    0.3112    0.1524    0.0844    0.5499    0.4173    0.2417    0.0430    0.3685    0.8176    0.2077
    0.5285    0.8258    0.3998    0.1450    0.0497    0.4039    0.1690    0.6256    0.7948    0.3012
    0.1656    0.5383    0.2599    0.8530    0.9027    0.0965    0.6491    0.7802    0.6443    0.4709
    0.6020    0.9961    0.8001    0.6221    0.9448    0.1320    0.7317    0.0811    0.3786    0.2305
    0.2630    0.0782    0.4314    0.3510    0.4909    0.9421    0.6477    0.9294    0.8116    0.8443
    0.6541    0.4427    0.9106    0.5132    0.4893    0.9561    0.4509    0.7757    0.5328    0.1948
    0.6892    0.1067    0.1818    0.4018    0.3377    0.5752    0.5470    0.4868    0.3507    0.2259
    0.7482    0.9619    0.2638    0.0760    0.9001    0.0598    0.2963    0.4359    0.9390    0.1707
    0.4505    0.0046    0.1455    0.2399    0.3692    0.2348    0.7447    0.4468    0.8759    0.2277
    0.0838    0.7749    0.1361    0.1233    0.1112    0.3532    0.1890    0.3063    0.5502    0.4357

% Q3. Display the value of A(8,9), A(3,6), A(11,10), A(8,7), A( 12,9) of the above matrix.
[ A(8, 9), A(3, 6), A(11, 10), A(8, 7), A(12, 9) ]

ans =

    0.5328    0.2417    0.2277    0.4509    0.5502

% Q4. Make the above positions in A to 0.
A(8, 9) = 0

A =

    0.1622    0.2290    0.8173    0.8693    0.1839    0.7803    0.8212    0.6868    0.5085    0.6225
    0.7943    0.9133    0.8687    0.5797    0.2400    0.3897    0.0154    0.1835    0.5108    0.5870
    0.3112    0.1524    0.0844    0.5499    0.4173    0.2417    0.0430    0.3685    0.8176    0.2077
    0.5285    0.8258    0.3998    0.1450    0.0497    0.4039    0.1690    0.6256    0.7948    0.3012
    0.1656    0.5383    0.2599    0.8530    0.9027    0.0965    0.6491    0.7802    0.6443    0.4709
    0.6020    0.9961    0.8001    0.6221    0.9448    0.1320    0.7317    0.0811    0.3786    0.2305
    0.2630    0.0782    0.4314    0.3510    0.4909    0.9421    0.6477    0.9294    0.8116    0.8443
    0.6541    0.4427    0.9106    0.5132    0.4893    0.9561    0.4509    0.7757         0    0.1948
    0.6892    0.1067    0.1818    0.4018    0.3377    0.5752    0.5470    0.4868    0.3507    0.2259
    0.7482    0.9619    0.2638    0.0760    0.9001    0.0598    0.2963    0.4359    0.9390    0.1707
    0.4505    0.0046    0.1455    0.2399    0.3692    0.2348    0.7447    0.4468    0.8759    0.2277
    0.0838    0.7749    0.1361    0.1233    0.1112    0.3532    0.1890    0.3063    0.5502    0.4357

A(3,6) = 0

A =

    0.1622    0.2290    0.8173    0.8693    0.1839    0.7803    0.8212    0.6868    0.5085    0.6225
    0.7943    0.9133    0.8687    0.5797    0.2400    0.3897    0.0154    0.1835    0.5108    0.5870
    0.3112    0.1524    0.0844    0.5499    0.4173         0    0.0430    0.3685    0.8176    0.2077
    0.5285    0.8258    0.3998    0.1450    0.0497    0.4039    0.1690    0.6256    0.7948    0.3012
    0.1656    0.5383    0.2599    0.8530    0.9027    0.0965    0.6491    0.7802    0.6443    0.4709
    0.6020    0.9961    0.8001    0.6221    0.9448    0.1320    0.7317    0.0811    0.3786    0.2305
    0.2630    0.0782    0.4314    0.3510    0.4909    0.9421    0.6477    0.9294    0.8116    0.8443
    0.6541    0.4427    0.9106    0.5132    0.4893    0.9561    0.4509    0.7757         0    0.1948
    0.6892    0.1067    0.1818    0.4018    0.3377    0.5752    0.5470    0.4868    0.3507    0.2259
    0.7482    0.9619    0.2638    0.0760    0.9001    0.0598    0.2963    0.4359    0.9390    0.1707
    0.4505    0.0046    0.1455    0.2399    0.3692    0.2348    0.7447    0.4468    0.8759    0.2277
    0.0838    0.7749    0.1361    0.1233    0.1112    0.3532    0.1890    0.3063    0.5502    0.4357

A(11,10) = 0

